============================================================
=== ROUND 1                                                  ===
============================================================

 0.00   0.00   0.00   0.00   0.00     0.00   0.00   0.00   0.00   0.00     0.00   0.00   0.00   0.00   0.00     0.00   0.00   0.00   0.00   0.00     0.00   0.00   0.00   0.00   0.00
 0.00   0.00   0.00   0.00   0.00     0.00   0.00   0.00   0.00   0.00     0.00   0.00   0.00   0.00   0.00     0.00   0.00   0.00   0.00   0.00     0.00   0.00   0.00   0.00   0.00
 0.00   0.00   0.00   0.00   0.00     0.00   0.00   0.00   0.00   0.00     0.00   0.00   0.00   0.00   0.00     0.00   0.00   0.00   0.00   0.00     0.10   0.20   0.15   0.20   0.35
 0.00   0.00   0.00   0.00   0.00     0.00   0.00   0.00   0.00   0.00     0.00   0.00   0.00   0.00   0.00     0.00   0.00   0.00   0.00   0.00     0.40   0.60   0.60   0.80   0.80
 0.00   0.00   0.00   0.00   0.00     0.00   0.00   0.00   0.00   0.00     0.00   0.00   0.00   0.00   0.00     0.00   0.00   0.00   0.00   0.00     0.90   0.80   0.85   0.80   0.65

0.024  F0 YELLOW->Line1       0.13 B   0.33 Line1    0.00 Center       -1.000 win
0.024  F0 BLACK->Line1        0.19 Y   0.20 Line2    1.00 Factory      -0.600 diff
0.024  F0 WHITE->Line2        0.19 R   0.14 Line3                      +0.320 abs
0.024  F1 BLUE->Line1         0.25 K   0.14 Line4                      
0.024  F1 YELLOW->Line1       0.25 W   0.14 Line5                      
0.879  Others (91)                     0.04 Floor                      

=== Turn 1 | Player 0 (AlphaBeta Easy) ===

 0.00   0.00   0.00   0.00   0.00     0.00   0.00   0.00   0.00   0.00     0.00   0.00   0.00   0.00   0.00     0.00   0.00   0.00   0.00   0.00     0.00   0.00   0.00   0.00   0.01
 0.00   0.00   0.00   0.00   0.00     0.00   0.00   0.00   0.00   0.00     1.00   0.00   0.00   0.00   0.00     0.00   0.00   0.00   0.00   0.00     0.00   0.00   0.00   0.00   0.00
 0.00   0.00   0.00   0.00   0.00     0.00   0.00   0.00   0.00   0.00     0.00   0.00   0.00   0.00   0.00     0.00   0.00   0.00   0.00   0.00     0.10   0.20   0.15   0.20   0.25
 0.00   0.00   0.00   0.00   0.00     0.00   0.00   0.00   0.00   0.00     0.00   0.00   0.00   0.00   0.00     0.00   0.00   0.00   0.00   0.00     0.40   0.60   0.60   0.80   0.60
 0.00   0.00   0.00   0.00   0.00     0.00   0.00   0.00   0.00   0.00     0.00   0.00   0.00   0.00   0.00     0.00   0.00   0.00   0.00   0.00     0.90   0.80   0.85   0.80   0.65

0.028  F1 BLUE->Line1         0.15 B   0.33 Line1    0.05 Center       +1.000 win
0.028  F1 YELLOW->Line1       0.17 Y   0.20 Line2    0.95 Factory      +0.600 diff
0.028  F1 RED->Line1          0.22 R   0.14 Line3                      +0.620 abs
0.028  F1 BLACK->Line1        0.25 K   0.14 Line4                      
0.028  F2 YELLOW->Line2       0.22 W   0.14 Line5                      
0.859  Others (85)                     0.05 Floor                      

=== Turn 2 | Player 1 (AlphaBeta Medium) ===

 0.00   0.00   0.00   0.00   0.00     0.00   0.00   0.00   0.00   0.00     0.00   0.00   1.00   0.00   0.00     0.00   0.00   0.00   0.00   0.00     0.00   0.01   0.00   0.00   0.01
 1.00   0.00   0.00   0.00   0.00     0.00   0.00   0.00   0.00   0.00     0.00   0.00   0.00   0.00   0.00     0.00   0.00   0.00   0.00   0.00     0.00   0.00   0.00   0.00   0.00
 0.00   0.00   0.00   0.00   0.00     0.00   0.00   0.00   0.00   0.00     0.00   0.00   0.00   0.00   0.00     0.00   0.00   0.00   0.00   0.00     0.10   0.20   0.10   0.20   0.25
 0.00   0.00   0.00   0.00   0.00     0.00   0.00   0.00   0.00   0.00     0.00   0.00   0.00   0.00   0.00     0.00   0.00   0.00   0.00   0.00     0.40   0.40   0.40   0.60   0.60
 0.00   0.00   0.00   0.00   0.00     0.00   0.00   0.00   0.00   0.00     0.00   0.00   0.00   0.00   0.00     0.00   0.00   0.00   0.00   0.00     0.90   0.80   0.85   0.80   0.65

0.122  F3 BLUE->Line1         0.24 B   0.45 Line1    0.11 Center       -1.000 win
0.045  F2 BLACK->Line1        0.09 Y   0.00 Line2    0.89 Factory      -0.600 diff
0.045  F2 WHITE->Line1        0.20 R   0.17 Line3                      +0.320 abs
0.045  F3 RED->Line1          0.23 K   0.17 Line4                      
0.045  F4 RED->Line1          0.24 W   0.17 Line5                      
0.698  Others (55)                     0.05 Floor                      

=== Turn 3 | Player 0 (AlphaBeta Easy) ===

 0.00   0.00   1.00   0.00   0.00     0.00   0.00   0.00   0.00   0.00     1.00   0.00   0.00   0.00   0.00     0.00   0.00   0.00   0.00   0.00     0.00   0.01   0.00   0.00   0.03
 0.00   0.00   0.00   0.00   0.00     0.00   0.00   0.00   0.00   0.00     1.00   0.00   0.00   0.00   0.00     0.00   0.00   0.00   0.00   0.00     0.00   0.00   0.00   0.00   0.00
 0.00   0.00   0.00   0.00   0.00     0.00   0.00   0.00   0.00   0.00     0.00   0.00   0.00   0.00   0.00     0.00   0.00   0.00   0.00   0.00     0.05   0.20   0.10   0.20   0.25
 0.00   0.00   0.00   0.00   0.00     0.00   0.00   0.00   0.00   0.00     0.00   0.00   0.00   0.00   0.00     0.00   0.00   0.00   0.00   0.00     0.20   0.40   0.40   0.60   0.60
 0.00   0.00   0.00   0.00   0.00     0.00   0.00   0.00   0.00   0.00     0.00   0.00   0.00   0.00   0.00     0.00   0.00   0.00   0.00   0.00     0.90   0.80   0.85   0.80   0.65

0.116  Center YELLOW->Line2   0.07 B   0.00 Line1    0.48 Center       +1.000 win
0.043  F2 YELLOW->Line2       0.22 Y   0.39 Line2    0.52 Factory      +0.600 diff
0.043  F2 BLACK->Line2        0.09 R   0.19 Line3                      +0.620 abs
0.043  F2 BLACK->Line3        0.46 K   0.19 Line4                      
0.043  F2 BLACK->Line4        0.15 W   0.19 Line5                      
0.713  Others (50)                     0.05 Floor                      

=== Turn 4 | Player 1 (AlphaBeta Medium) ===

 1.00   0.00   0.00   0.00   0.00     0.00   0.00   0.00   0.00   0.00     0.00   0.00   1.00   0.00   0.00     0.00   0.00   0.00   0.00   0.00     0.00   0.03   0.00   0.00   0.02
 1.00   0.00   0.00   0.00   0.00     0.00   0.00   0.00   0.00   0.00     0.00   0.00   1.00   0.00   0.00     0.00   0.00   0.00   0.00   0.00     0.00   0.00   0.00  -0.07   1.00
 0.00   0.00   0.00   0.00   0.00     0.00   0.00   0.00   0.00   0.00     0.00   0.00   0.00   0.00   0.00     0.00   0.00   0.00   0.00   0.00     0.05   0.10   0.10   0.20   0.25
 0.00   0.00   0.00   0.00   0.00     0.00   0.00   0.00   0.00   0.00     0.00   0.00   0.00   0.00   0.00     0.00   0.00   0.00   0.00   0.00     0.20   0.20   0.40   0.60   0.60
 0.00   0.00   0.00   0.00   0.00     0.00   0.00   0.00   0.00   0.00     0.00   0.00   0.00   0.00   0.00     0.00   0.00   0.00   0.00   0.00     0.90   0.80   0.85   0.80   0.65

0.031  F2 YELLOW->Line3       0.10 B   0.00 Line1    0.40 Center       -1.000 win
0.031  F2 YELLOW->Line4       0.10 Y   0.00 Line2    0.60 Factory      -0.600 diff
0.031  F2 YELLOW->Line5       0.21 R   0.31 Line3                      +0.320 abs
0.031  F2 BLACK->Line3        0.30 K   0.31 Line4                      
0.031  F2 BLACK->Line4        0.29 W   0.31 Line5                      
0.847  Others (35)                     0.08 Floor                      

=== Turn 5 | Player 0 (AlphaBeta Easy) ===

 0.00   0.00   1.00   0.00   0.00     0.00   0.00   0.00   0.00   0.00     1.00   0.00   0.00   0.00   0.00     0.00   0.00   0.00   0.00   0.00     0.00   0.02   0.00   0.00   0.03
 0.00   0.00   1.00   0.00   0.00     0.00   0.00   0.00   0.00   0.00     1.00   0.00   0.00   0.00   0.00     0.00   0.00   0.00   0.00   0.00    -0.07   1.00   0.00   0.00   0.00
 0.00   0.00   0.00   0.00   0.00     0.00   0.00   0.00   0.00   0.00     0.00   0.33   0.00   0.00   0.00     0.00   0.00   0.00   0.00   0.00     0.05   0.10   0.10   0.20   0.20
 0.00   0.00   0.00   0.00   0.00     0.00   0.00   0.00   0.00   0.00     0.00   0.00   0.00   0.00   0.00     0.00   0.00   0.00   0.00   0.00     0.20   0.20   0.40   0.40   0.40
 0.00   0.00   0.00   0.00   0.00     0.00   0.00   0.00   0.00   0.00     0.00   0.00   0.00   0.00   0.00     0.00   0.00   0.00   0.00   0.00     0.90   0.80   0.85   0.80   0.65

0.099  Center BLACK->Line3    0.12 B   0.00 Line1    0.64 Center       +1.000 win
0.037  F4 RED->Line3          0.11 Y   0.00 Line2    0.36 Factory      +0.600 diff
0.037  F4 RED->Line4          0.25 R   0.36 Line3                      +0.620 abs
0.037  F4 RED->Line5          0.30 K   0.29 Line4                      
0.037  F4 BLACK->Line3        0.22 W   0.29 Line5                      
0.754  Others (27)                     0.06 Floor                      

=== Turn 6 | Player 1 (AlphaBeta Medium) ===

 1.00   0.00   0.00   0.00   0.00     0.00   0.00   0.00   0.00   0.00     0.00   0.00   1.00   0.00   0.00     0.00   0.00   0.00   0.00   0.00     0.00   0.03   0.00   0.00   0.03
 1.00   0.00   0.00   0.00   0.00     0.00   0.00   0.00   0.00   0.00     0.00   0.00   1.00   0.00   0.00     0.00   0.00   0.00   0.00   0.00     0.00   0.00   0.00  -0.07   1.00
 0.00   0.33   0.00   0.00   0.00     0.00   0.00   0.00   0.00   0.00     1.00   0.00   0.00   0.00   0.00     0.00   0.00   0.00   0.00   0.00     0.05   0.10   0.10   0.05   0.20
 0.00   0.00   0.00   0.00   0.00     0.00   0.00   0.00   0.00   0.00     0.00   0.00   0.00   0.00   0.00     0.00   0.00   0.00   0.00   0.00     0.20   0.20   0.40   0.20   0.40
 0.00   0.00   0.00   0.00   0.00     0.00   0.00   0.00   0.00   0.00     0.00   0.00   0.00   0.00   0.00     0.00   0.00   0.00   0.00   0.00     0.90   0.80   0.85   0.80   0.65

0.128  F4 WHITE->Line3        0.11 B   0.00 Line1    0.55 Center       -1.000 win
0.128  Center WHITE->Line3    0.10 Y   0.00 Line2    0.45 Factory      -0.600 diff
0.047  F4 RED->Line4          0.22 R   0.26 Line3                      +0.320 abs
0.047  F4 RED->Line5          0.11 K   0.33 Line4                      
0.047  F4 BLACK->Line4        0.46 W   0.33 Line5                      
0.604  Others (18)                     0.09 Floor                      

=== Turn 7 | Player 0 (AlphaBeta Easy) ===

 0.00   0.00   1.00   0.00   0.00     0.00   0.00   0.00   0.00   0.00     1.00   0.00   0.00   0.00   0.00     0.00   0.00   0.00   0.00   0.00     0.00   0.03   0.00   0.00   0.04
 0.00   0.00   1.00   0.00   0.00     0.00   0.00   0.00   0.00   0.00     1.00   0.00   0.00   0.00   0.00     0.00   0.00   0.00   0.00   0.00    -0.07   1.00   0.00   0.00   0.00
 1.00   0.00   0.00   0.00   0.00     0.00   0.00   0.00   0.00   0.00     0.00   1.00   0.00   0.00   0.00     0.00   0.00   0.00   0.00   0.00     0.05   0.10   0.10   0.05   0.10
 0.00   0.00   0.00   0.00   0.00     0.00   0.00   0.00   0.00   0.00     0.00   0.00   0.00   0.00   0.00     0.00   0.00   0.00   0.00   0.00     0.20   0.20   0.20   0.20   0.20
 0.00   0.00   0.00   0.00   0.00     0.00   0.00   0.00   0.00   0.00     0.00   0.00   0.00   0.00   0.00     0.00   0.00   0.00   0.00   0.00     0.90   0.80   0.85   0.80   0.65

0.092  Center BLUE->Line4     0.22 B   0.00 Line1    1.00 Center       +1.000 win
0.092  Center BLUE->Line5     0.19 Y   0.00 Line2    0.00 Factory      +0.600 diff
0.092  Center YELLOW->Line4   0.19 R   0.00 Line3                      +0.620 abs
0.092  Center YELLOW->Line5   0.22 K   0.46 Line4                      
0.092  Center RED->Line4      0.19 W   0.46 Line5                      
0.541  Others (10)                     0.08 Floor                      

=== Turn 8 | Player 1 (AlphaBeta Medium) ===

 1.00   0.00   0.00   0.00   0.00     0.00   0.00   0.00   0.00   0.00     0.00   0.00   1.00   0.00   0.00     0.00   0.00   0.00   0.00   0.00     0.00   0.04   0.00   0.00   0.03
 1.00   0.00   0.00   0.00   0.00     0.00   0.00   0.00   0.00   0.00     0.00   0.00   1.00   0.00   0.00     0.00   0.00   0.00   0.00   0.00     0.00   0.00   0.00  -0.07   1.00
 0.00   1.00   0.00   0.00   0.00     0.00   0.00   0.00   0.00   0.00     1.00   0.00   0.00   0.00   0.00     0.00   0.00   0.00   0.00   0.00     0.05   0.10   0.10   0.05   0.00
 0.00   0.00   0.00   0.00   0.00     0.00   0.00   0.00   0.00   0.00     0.00   0.00   0.50   0.00   0.00     0.00   0.00   0.00   0.00   0.00     0.20   0.20   0.20   0.20   0.00
 0.00   0.00   0.00   0.00   0.00     0.00   0.00   0.00   0.00   0.00     0.00   0.00   0.00   0.00   0.00     0.00   0.00   0.00   0.00   0.00     0.90   0.80   0.85   0.80   0.65

0.111  Center BLUE->Line4     0.26 B   0.00 Line1    1.00 Center       -1.000 win
0.111  Center BLUE->Line5     0.24 Y   0.00 Line2    0.00 Factory      -0.600 diff
0.111  Center YELLOW->Line4   0.24 R   0.00 Line3                      +0.320 abs
0.111  Center YELLOW->Line5   0.26 K   0.44 Line4                      
0.111  Center RED->Line4      0.00 W   0.44 Line5                      
0.445  Others (7)                      0.11 Floor                      

=== Turn 9 | Player 0 (AlphaBeta Easy) ===

 0.00   0.00   1.00   0.00   0.00     0.00   0.00   0.00   0.00   0.00     1.00   0.00   0.00   0.00   0.00     0.00   0.00   0.00   0.00   0.00     0.00   0.03   0.00   0.00   0.04
 0.00   0.00   1.00   0.00   0.00     0.00   0.00   0.00   0.00   0.00     1.00   0.00   0.00   0.00   0.00     0.00   0.00   0.00   0.00   0.00    -0.07   1.00   0.00   0.00   0.00
 1.00   0.00   0.00   0.00   0.00     0.00   0.00   0.00   0.00   0.00     0.00   1.00   0.00   0.00   0.00     0.00   0.00   0.00   0.00   0.00     0.05   0.10   0.00   0.05   0.00
 0.00   0.00   0.50   0.00   0.00     0.00   0.00   0.00   0.00   0.00     0.50   0.00   0.00   0.00   0.00     0.00   0.00   0.00   0.00   0.00     0.20   0.20   0.00   0.20   0.00
 0.00   0.00   0.00   0.00   0.00     0.00   0.00   0.00   0.00   0.00     0.00   0.00   0.00   0.00   0.00     0.00   0.00   0.00   0.00   0.00     0.90   0.80   0.85   0.80   0.65

0.294  Center BLUE->Floor     0.33 B   0.00 Line1    1.00 Center       +1.000 win
0.294  Center YELLOW->Line5   0.33 Y   0.00 Line2    0.00 Factory      +0.600 diff
0.294  Center BLACK->Floor    0.00 R   0.00 Line3                      +0.620 abs
0.040  Center BLUE->Line5     0.33 K   0.00 Line4                      
0.040  Center YELLOW->Floor   0.00 W   0.37 Line5                      
0.040  Others (1)                      0.63 Floor                      

=== Turn 10 | Player 1 (AlphaBeta Medium) ===

 1.00   0.00   0.00   0.00   0.00     0.00   0.00   0.00   0.00   0.00     0.00   0.00   1.00   0.00   0.00     0.00   0.00   0.00   0.00   0.00     0.00   0.04   0.00   0.00   0.02
 1.00   0.00   0.00   0.00   0.00     0.00   0.00   0.00   0.00   0.00     0.00   0.00   1.00   0.00   0.00     0.00   0.00   0.00   0.00   0.00     0.00   0.00   0.00  -0.14   1.00
 0.00   1.00   0.00   0.00   0.00     0.00   0.00   0.00   0.00   0.00     1.00   0.00   0.00   0.00   0.00     0.00   0.00   0.00   0.00   0.00     0.00   0.10   0.00   0.05   0.00
 0.50   0.00   0.00   0.00   0.00     0.00   0.00   0.00   0.00   0.00     0.00   0.00   0.50   0.00   0.00     0.00   0.00   0.00   0.00   0.00     0.00   0.20   0.00   0.20   0.00
 0.00   0.00   0.00   0.00   0.00     0.00   0.00   0.00   0.00   0.00     0.00   0.00   0.00   0.00   0.00     0.00   0.00   0.00   0.00   0.00     0.90   0.80   0.85   0.80   0.65

0.399  Center YELLOW->Line5   0.00 B   0.00 Line1    1.00 Center       -1.000 win
0.399  Center BLACK->Line5    0.45 Y   0.00 Line2    0.00 Factory      -0.600 diff
0.147  Center BLACK->Floor    0.00 R   0.00 Line3                      +0.320 abs
0.054  Center YELLOW->Floor   0.55 K   0.00 Line4                      
0.000  Others (-1)            0.00 W   0.80 Line5                      
                                       0.20 Floor                      

=== Turn 11 | Player 0 (AlphaBeta Easy) ===

 0.00   0.00   1.00   0.00   0.00     0.00   0.00   0.00   0.00   0.00     1.00   0.00   0.00   0.00   0.00     0.00   0.00   0.00   0.00   0.00     0.00   0.02   0.00   0.00   0.04
 0.00   0.00   1.00   0.00   0.00     0.00   0.00   0.00   0.00   0.00     1.00   0.00   0.00   0.00   0.00     0.00   0.00   0.00   0.00   0.00    -0.14   1.00   0.00   0.00   0.00
 1.00   0.00   0.00   0.00   0.00     0.00   0.00   0.00   0.00   0.00     0.00   1.00   0.00   0.00   0.00     0.00   0.00   0.00   0.00   0.00     0.00   0.00   0.00   0.05   0.00
 0.00   0.00   0.50   0.00   0.00     0.00   0.00   0.00   0.00   0.00     0.50   0.00   0.00   0.00   0.00     0.00   0.00   0.00   0.00   0.00     0.00   0.00   0.00   0.20   0.00
 0.00   0.00   0.00   0.00   0.00     0.00   0.00   0.00   0.00   0.00     0.40   0.00   0.00   0.00   0.00     0.00   0.00   0.00   0.00   0.00     0.90   0.80   0.85   0.80   0.65

0.881  Center BLACK->Line5    0.00 B   0.00 Line1    1.00 Center       +1.000 win
0.119  Center BLACK->Floor    0.00 Y   0.00 Line2    0.00 Factory      +0.600 diff
0.000  Others (-3)            0.00 R   0.00 Line3                      +0.620 abs
                              1.00 K   0.00 Line4                      
                              0.00 W   0.88 Line5                      
                                       0.12 Floor                      

=== Turn 12 | Player 1 (AlphaBeta Medium) ===

 1.00   0.00   0.00   0.00   0.00     0.00   0.00   0.00   0.00   0.00     0.00   0.00   1.00   0.00   0.00     0.00   0.00   0.00   0.00   0.00     0.00   0.04   0.00   0.00   0.02
 1.00   0.00   0.00   0.00   0.00     0.00   0.00   0.00   0.00   0.00     0.00   0.00   1.00   0.00   0.00     0.00   0.00   0.00   0.00   0.00     0.00   0.00   0.00  -0.14   1.00
 0.00   1.00   0.00   0.00   0.00     0.00   0.00   0.00   0.00   0.00     1.00   0.00   0.00   0.00   0.00     0.00   0.00   0.00   0.00   0.00     0.00   0.00   0.00   0.00   0.00
 0.50   0.00   0.00   0.00   0.00     0.00   0.00   0.00   0.00   0.00     0.00   0.00   0.50   0.00   0.00     0.00   0.00   0.00   0.00   0.00     0.00   0.00   0.00   0.00   0.00
 0.40   0.00   0.00   0.00   0.00     0.00   0.00   0.00   0.00   0.00     0.00   0.00   0.20   0.00   0.00     0.00   0.00   0.00   0.00   0.00     0.90   0.80   0.85   0.80   0.65

0.000  Others (-5)                                                     -1.000 win
                                                                       -0.600 diff
                                                                       +0.320 abs
                                                                       
                                                                       
                                                                       

=== END OF ROUND (pre-scoring, post-next_player) ===

============================================================
=== ROUND 2                                                  ===
============================================================

 0.00   0.00   0.00   0.00   0.00     0.00   0.00   1.00   0.00   0.00     0.00   0.00   0.00   0.00   0.00     1.00   0.00   0.00   0.00   0.00     0.02   0.02   0.00   0.04   0.04
 0.00   0.00   0.00   0.00   0.00     0.00   0.00   1.00   0.00   0.00     0.00   0.00   0.00   0.00   0.00     1.00   0.00   0.00   0.00   0.00     0.00   0.00   0.00   0.00   0.00
 0.00   0.00   0.00   0.00   0.00     1.00   0.00   0.00   0.00   0.00     0.00   0.00   0.00   0.00   0.00     0.00   1.00   0.00   0.00   0.00     0.30   0.10   0.20   0.15   0.25
 0.00   0.00   0.50   0.00   0.00     0.00   0.00   0.00   0.00   0.00     0.50   0.00   0.00   0.00   0.00     0.00   0.00   0.00   0.00   0.00     0.60   0.40   0.80   0.40   0.80
 0.00   0.00   0.20   0.00   0.00     0.00   0.00   0.00   0.00   0.00     0.40   0.00   0.00   0.00   0.00     0.00   0.00   0.00   0.00   0.00     0.60   0.70   0.65   0.65   0.40

0.080  F0 YELLOW->Line1       0.20 B   0.43 Line1    0.00 Center       +1.000 win
0.080  F2 BLUE->Line3         0.19 Y   0.23 Line2    1.00 Factory      +0.600 diff
0.080  F3 BLACK->Line1        0.10 R   0.21 Line3                      +0.620 abs
0.080  F3 WHITE->Line2        0.18 K   0.06 Line4                      
0.080  F4 YELLOW->Line1       0.33 W   0.02 Line5                      
0.600  Others (53)                     0.05 Floor                      

=== Turn 13 | Player 1 (AlphaBeta Medium) ===

 0.00   0.00   0.00   0.00   0.00     1.00   0.00   0.00   0.00   0.00     0.00   1.00   0.00   0.00   0.00     0.00   0.00   1.00   0.00   0.00     0.04   0.04   0.00   0.02   0.04
 0.00   0.00   0.00   0.00   0.00     1.00   0.00   0.00   0.00   0.00     0.00   0.00   0.00   0.00   0.00     0.00   0.00   1.00   0.00   0.00     0.00   0.00   0.00   0.00   0.00
 0.00   0.00   0.00   0.00   0.00     0.00   1.00   0.00   0.00   0.00     0.00   0.00   0.00   0.00   0.00     1.00   0.00   0.00   0.00   0.00     0.30   0.05   0.20   0.15   0.25
 0.50   0.00   0.00   0.00   0.00     0.00   0.00   0.00   0.00   0.00     0.00   0.00   0.50   0.00   0.00     0.00   0.00   0.00   0.00   0.00     0.60   0.20   0.80   0.40   0.80
 0.40   0.00   0.00   0.00   0.00     0.00   0.00   0.00   0.00   0.00     0.00   0.00   0.20   0.00   0.00     0.00   0.00   0.00   0.00   0.00     0.60   0.70   0.65   0.65   0.40

0.117  F2 BLUE->Line2         0.21 B   0.44 Line1    0.07 Center       -1.000 win
0.117  F4 YELLOW->Line1       0.17 Y   0.27 Line2    0.93 Factory      -0.600 diff
0.043  F1 RED->Line1          0.33 R   0.17 Line3                      +0.320 abs
0.043  F1 BLACK->Line2        0.16 K   0.05 Line4                      
0.043  F1 WHITE->Line1        0.13 W   0.02 Line5                      
0.636  Others (45)                     0.06 Floor                      

=== Turn 14 | Player 0 (AlphaBeta Easy) ===

 0.00   1.00   0.00   0.00   0.00     0.00   0.00   1.00   0.00   0.00     0.00   0.00   0.00   0.00   0.00     1.00   0.00   0.00   0.00   0.00     0.02   0.04   0.00   0.04   0.06
 0.00   0.00   0.00   0.00   0.00     0.00   0.00   1.00   0.00   0.00     0.00   1.00   0.00   0.00   0.00     1.00   0.00   0.00   0.00   0.00     0.00   0.00   0.00  -0.14   0.00
 0.00   0.00   0.00   0.00   0.00     1.00   0.00   0.00   0.00   0.00     0.00   0.00   0.00   0.00   0.00     0.00   1.00   0.00   0.00   0.00     0.10   0.05   0.20   0.15   0.25
 0.00   0.00   0.50   0.00   0.00     0.00   0.00   0.00   0.00   0.00     0.50   0.00   0.00   0.00   0.00     0.00   0.00   0.00   0.00   0.00     0.40   0.20   0.80   0.40   0.80
 0.00   0.00   0.20   0.00   0.00     0.00   0.00   0.00   0.00   0.00     0.40   0.00   0.00   0.00   0.00     0.00   0.00   0.00   0.00   0.00     0.60   0.70   0.65   0.65   0.40

0.075  F3 WHITE->Line2        0.19 B   0.00 Line1    0.03 Center       +1.000 win
0.075  F4 BLUE->Line2         0.10 Y   0.38 Line2    0.97 Factory      +0.600 diff
0.075  F4 BLUE->Line3         0.23 R   0.35 Line3                      +0.620 abs
0.075  F4 YELLOW->Line3       0.06 K   0.12 Line4                      
0.075  F4 RED->Line2          0.41 W   0.02 Line5                      
0.625  Others (37)                     0.13 Floor                      

=== Turn 15 | Player 1 (AlphaBeta Medium) ===

 0.00   0.00   0.00   0.00   0.00     1.00   0.00   0.00   0.00   0.00     0.00   1.00   0.00   0.00   0.00     0.00   0.00   1.00   0.00   0.00     0.04   0.06   0.00   0.02   0.06
 0.00   1.00   0.00   0.00   0.00     1.00   0.00   0.00   0.00   0.00     1.00   0.00   0.00   0.00   0.00     0.00   0.00   1.00   0.00   0.00    -0.14   0.00   0.00   0.00   0.00
 0.00   0.00   0.00   0.00   0.00     0.00   1.00   0.00   0.00   0.00     0.00   0.00   0.00   0.00   0.00     1.00   0.00   0.00   0.00   0.00     0.10   0.05   0.20   0.15   0.15
 0.50   0.00   0.00   0.00   0.00     0.00   0.00   0.00   0.00   0.00     0.00   0.00   0.50   0.00   0.00     0.00   0.00   0.00   0.00   0.00     0.40   0.20   0.60   0.40   0.60
 0.40   0.00   0.00   0.00   0.00     0.00   0.00   0.00   0.00   0.00     0.00   0.00   0.20   0.00   0.00     0.00   0.00   0.00   0.00   0.00     0.60   0.70   0.65   0.65   0.40

0.481  F4 YELLOW->Line1       0.03 B   0.77 Line1    0.04 Center       -1.000 win
0.065  F1 RED->Line1          0.53 Y   0.00 Line2    0.96 Factory      -0.600 diff
0.065  F1 WHITE->Line1        0.25 R   0.13 Line3                      +0.320 abs
0.065  F4 RED->Line1          0.05 K   0.06 Line4                      
0.065  F4 WHITE->Line1        0.15 W   0.02 Line5                      
0.259  Others (27)                     0.02 Floor                      

=== Turn 16 | Player 0 (AlphaBeta Easy) ===

 0.00   1.00   0.00   0.00   0.00     0.00   0.00   1.00   0.00   0.00     0.00   1.00   0.00   0.00   0.00     1.00   0.00   0.00   0.00   0.00     0.02   0.06   0.00   0.04   0.09
 1.00   0.00   0.00   0.00   0.00     0.00   0.00   1.00   0.00   0.00     0.00   1.00   0.00   0.00   0.00     1.00   0.00   0.00   0.00   0.00     0.00   0.00   0.00  -0.14   0.00
 0.00   0.00   0.00   0.00   0.00     1.00   0.00   0.00   0.00   0.00     0.00   0.00   0.00   0.00   0.00     0.00   1.00   0.00   0.00   0.00     0.10   0.00   0.20   0.15   0.15
 0.00   0.00   0.50   0.00   0.00     0.00   0.00   0.00   0.00   0.00     0.50   0.00   0.00   0.00   0.00     0.00   0.00   0.00   0.00   0.00     0.20   0.00   0.40   0.40   0.40
 0.00   0.00   0.20   0.00   0.00     0.00   0.00   0.00   0.00   0.00     0.40   0.00   0.00   0.00   0.00     0.00   0.00   0.00   0.00   0.00     0.60   0.70   0.65   0.65   0.40

0.828  F1 BLACK->Line5        0.01 B   0.00 Line1    0.05 Center       +1.000 win
0.112  F1 BLACK->Floor        0.00 Y   0.00 Line2    0.95 Factory      +0.600 diff
0.015  Center RED->Line3      0.02 R   0.04 Line3                      +0.620 abs
0.015  Center WHITE->Line3    0.95 K   0.01 Line4                      
0.006  F1 WHITE->Line3        0.03 W   0.83 Line5                      
0.024  Others (11)                     0.12 Floor                      

=== Turn 17 | Player 1 (AlphaBeta Medium) ===

 0.00   1.00   0.00   0.00   0.00     1.00   0.00   0.00   0.00   0.00     0.00   1.00   0.00   0.00   0.00     0.00   0.00   1.00   0.00   0.00     0.04   0.09   0.00   0.02   0.06
 0.00   1.00   0.00   0.00   0.00     1.00   0.00   0.00   0.00   0.00     1.00   0.00   0.00   0.00   0.00     0.00   0.00   1.00   0.00   0.00    -0.14   0.00   0.00   0.00   0.00
 0.00   0.00   0.00   0.00   0.00     0.00   1.00   0.00   0.00   0.00     0.00   0.00   0.00   0.00   0.00     1.00   0.00   0.00   0.00   0.00     0.10   0.00   0.20   0.05   0.15
 0.50   0.00   0.00   0.00   0.00     0.00   0.00   0.00   0.00   0.00     0.00   0.00   0.50   0.00   0.00     0.00   0.00   0.00   0.00   0.00     0.20   0.00   0.20   0.20   0.20
 0.40   0.00   0.00   0.00   0.00     0.00   0.00   0.00   0.00   0.00     0.00   0.00   0.60   0.00   0.00     0.00   0.00   0.00   0.00   0.00     0.60   0.70   0.65   0.65   0.40

0.327  Center BLUE->Line3     0.37 B   0.00 Line1    1.00 Center       -1.000 win
0.327  Center BLACK->Floor    0.00 Y   0.00 Line2    0.00 Factory      -0.600 diff
0.120  Center RED->Line4      0.16 R   0.49 Line3                      +0.320 abs
0.120  Center BLACK->Line3    0.45 K   0.12 Line4                      
0.044  Center BLUE->Floor     0.02 W   0.00 Line5                      
0.061  Others (3)                      0.39 Floor                      

=== Turn 18 | Player 0 (AlphaBeta Easy) ===

 0.00   1.00   0.00   0.00   0.00     0.00   0.00   1.00   0.00   0.00     0.00   1.00   0.00   0.00   0.00     1.00   0.00   0.00   0.00   0.00     0.02   0.06   0.00   0.04   0.07
 1.00   0.00   0.00   0.00   0.00     0.00   0.00   1.00   0.00   0.00     0.00   1.00   0.00   0.00   0.00     1.00   0.00   0.00   0.00   0.00     0.00   0.00   0.00  -0.29   1.00
 0.00   0.00   0.00   0.00   0.00     1.00   0.00   0.00   0.00   0.00     0.00   0.00   0.67   0.00   0.00     0.00   1.00   0.00   0.00   0.00     0.00   0.00   0.20   0.05   0.15
 0.00   0.00   0.50   0.00   0.00     0.00   0.00   0.00   0.00   0.00     0.50   0.00   0.00   0.00   0.00     0.00   0.00   0.00   0.00   0.00     0.00   0.00   0.20   0.20   0.20
 0.00   0.00   0.60   0.00   0.00     0.00   0.00   0.00   0.00   0.00     0.40   0.00   0.00   0.00   0.00     0.00   0.00   0.00   0.00   0.00     0.60   0.70   0.65   0.65   0.40

0.680  Center BLACK->Line5    0.00 B   0.00 Line1    1.00 Center       +1.000 win
0.250  Center BLACK->Floor    0.00 Y   0.00 Line2    0.00 Factory      +0.600 diff
0.034  Center RED->Line3      0.03 R   0.03 Line3                      +0.620 abs
0.034  Center WHITE->Line4    0.93 K   0.03 Line4                      
0.001  Center RED->Floor      0.03 W   0.68 Line5                      
0.001  Others (2)                      0.25 Floor                      

=== Turn 19 | Player 1 (AlphaBeta Medium) ===

 0.00   1.00   0.00   0.00   0.00     1.00   0.00   0.00   0.00   0.00     0.00   1.00   0.00   0.00   0.00     0.00   0.00   1.00   0.00   0.00     0.04   0.07   0.00   0.02   0.06
 0.00   1.00   0.00   0.00   0.00     1.00   0.00   0.00   0.00   0.00     1.00   0.00   0.00   0.00   0.00     0.00   0.00   1.00   0.00   0.00    -0.29   1.00   0.00   0.00   0.00
 0.00   0.00   0.67   0.00   0.00     0.00   1.00   0.00   0.00   0.00     0.00   0.00   0.00   0.00   0.00     1.00   0.00   0.00   0.00   0.00     0.00   0.00   0.20   0.00   0.15
 0.50   0.00   0.00   0.00   0.00     0.00   0.00   0.00   0.00   0.00     0.00   0.00   0.50   0.00   0.00     0.00   0.00   0.00   0.00   0.00     0.00   0.00   0.20   0.00   0.20
 0.40   0.00   0.00   0.00   0.00     0.00   0.00   0.00   0.00   0.00     0.00   0.00   0.80   0.00   0.00     0.00   0.00   0.00   0.00   0.00     0.60   0.70   0.65   0.65   0.40

0.880  Center RED->Line4      0.00 B   0.00 Line1    1.00 Center       -1.000 win
0.119  Center WHITE->Floor    0.00 Y   0.00 Line2    0.00 Factory      -0.600 diff
0.001  Center RED->Floor      0.88 R   0.00 Line3                      +0.320 abs
0.000  Others (-2)            0.00 K   0.88 Line4                      
                              0.12 W   0.00 Line5                      
                                       0.12 Floor                      

=== Turn 20 | Player 0 (AlphaBeta Easy) ===

 0.00   1.00   0.00   0.00   0.00     0.00   0.00   1.00   0.00   0.00     0.00   1.00   0.00   0.00   0.00     1.00   0.00   0.00   0.00   0.00     0.02   0.06   0.00   0.04   0.04
 1.00   0.00   0.00   0.00   0.00     0.00   0.00   1.00   0.00   0.00     0.00   1.00   0.00   0.00   0.00     1.00   0.00   0.00   0.00   0.00     0.00   0.00   0.00  -0.57   1.00
 0.00   0.00   0.00   0.00   0.00     1.00   0.00   0.00   0.00   0.00     0.00   0.00   0.67   0.00   0.00     0.00   1.00   0.00   0.00   0.00     0.00   0.00   0.00   0.00   0.15
 0.00   0.00   0.50   0.00   0.00     0.00   0.00   0.00   0.00   0.00     1.00   0.00   0.00   0.00   0.00     0.00   0.00   0.00   0.00   0.00     0.00   0.00   0.00   0.00   0.20
 0.00   0.00   0.80   0.00   0.00     0.00   0.00   0.00   0.00   0.00     0.40   0.00   0.00   0.00   0.00     0.00   0.00   0.00   0.00   0.00     0.60   0.70   0.65   0.65   0.40

0.879  Center WHITE->Line3    0.00 B   0.00 Line1    1.00 Center       +1.000 win
0.119  Center WHITE->Line4    0.00 Y   0.00 Line2    0.00 Factory      +0.600 diff
0.002  Center WHITE->Floor    0.00 R   0.88 Line3                      +0.620 abs
0.000  Others (-2)            0.00 K   0.12 Line4                      
                              1.00 W   0.00 Line5                      
                                       0.00 Floor                      

=== Turn 21 | Player 1 (AlphaBeta Medium) ===

 0.00   1.00   0.00   0.00   0.00     1.00   0.00   0.00   0.00   0.00     0.00   1.00   0.00   0.00   0.00     0.00   0.00   1.00   0.00   0.00     0.04   0.04   0.00   0.02   0.08
 0.00   1.00   0.00   0.00   0.00     1.00   0.00   0.00   0.00   0.00     1.00   0.00   0.00   0.00   0.00     0.00   0.00   1.00   0.00   0.00    -0.57   1.00   0.00   0.00   0.00
 0.00   0.00   0.67   0.00   0.00     0.00   1.00   0.00   0.00   0.00     0.00   1.00   0.00   0.00   0.00     1.00   0.00   0.00   0.00   0.00     0.00   0.00   0.00   0.00   0.00
 1.00   0.00   0.00   0.00   0.00     0.00   0.00   0.00   0.00   0.00     0.00   0.00   0.50   0.00   0.00     0.00   0.00   0.00   0.00   0.00     0.00   0.00   0.00   0.00   0.00
 0.40   0.00   0.00   0.00   0.00     0.00   0.00   0.00   0.00   0.00     0.00   0.00   0.80   0.00   0.00     0.00   0.00   0.00   0.00   0.00     0.60   0.70   0.65   0.65   0.40

0.000  Others (-5)                                                     -1.000 win
                                                                       -0.600 diff
                                                                       +0.320 abs
                                                                       
                                                                       
                                                                       

=== END OF ROUND (pre-scoring, post-next_player) ===

============================================================
=== ROUND 3                                                  ===
============================================================

 0.00   0.00   0.00   0.00   0.00     1.00   1.00   0.00   0.00   0.00     0.00   0.00   0.00   0.00   0.00     0.00   1.00   1.00   0.00   0.00     0.04   0.04   0.00   0.08   0.08
 0.00   0.00   0.00   0.00   0.00     1.00   1.00   0.00   0.00   0.00     0.00   0.00   0.00   0.00   0.00     1.00   0.00   1.00   0.00   0.00     0.00   0.00   0.00   0.00   0.00
 0.00   0.00   0.67   0.00   0.00     0.00   1.00   0.00   0.00   0.00     0.00   0.00   0.00   0.00   0.00     1.00   1.00   0.00   0.00   0.00     0.10   0.30   0.20   0.25   0.15
 0.00   0.00   0.00   0.00   0.00     1.00   0.00   0.00   0.00   0.00     0.00   0.00   0.50   0.00   0.00     0.00   0.00   0.00   0.00   0.00     0.40   0.80   0.60   0.80   0.40
 0.40   0.00   0.00   0.00   0.00     0.00   0.00   0.00   0.00   0.00     0.00   0.00   0.80   0.00   0.00     0.00   0.00   0.00   0.00   0.00     0.50   0.40   0.45   0.40   0.25

0.136  F1 YELLOW->Line2       0.12 B   0.41 Line1    0.00 Center       -1.000 win
0.136  F1 RED->Line1          0.35 Y   0.36 Line2    1.00 Factory      -0.600 diff
0.136  F2 RED->Line1          0.36 R   0.10 Line3                      +0.320 abs
0.136  F3 YELLOW->Line2       0.14 K   0.08 Line4                      
0.050  F0 RED->Line1          0.04 W   0.03 Line5                      
0.408  Others (48)                     0.03 Floor                      

=== Turn 22 | Player 0 (AlphaBeta Easy) ===

 0.00   0.00   0.00   0.00   0.00     0.00   1.00   1.00   0.00   0.00     0.00   0.00   1.00   0.00   0.00     1.00   1.00   0.00   0.00   0.00     0.08   0.08   0.00   0.04   0.07
 0.00   0.00   0.00   0.00   0.00     1.00   0.00   1.00   0.00   0.00     0.00   0.00   0.00   0.00   0.00     1.00   1.00   0.00   0.00   0.00     0.00   0.00   0.00   0.00   0.00
 0.00   0.00   0.00   0.00   0.00     1.00   1.00   0.00   0.00   0.00     0.00   0.00   0.67   0.00   0.00     0.00   1.00   0.00   0.00   0.00     0.10   0.30   0.15   0.25   0.15
 0.00   0.00   0.50   0.00   0.00     0.00   0.00   0.00   0.00   0.00     0.00   0.00   0.00   0.00   0.00     1.00   0.00   0.00   0.00   0.00     0.40   0.80   0.40   0.80   0.40
 0.00   0.00   0.80   0.00   0.00     0.00   0.00   0.00   0.00   0.00     0.40   0.00   0.00   0.00   0.00     0.00   0.00   0.00   0.00   0.00     0.50   0.40   0.45   0.40   0.25

0.889  F3 BLUE->Line1         0.94 B   0.98 Line1    0.00 Center       +1.000 win
0.044  F3 BLACK->Line1        0.00 Y   0.01 Line2    1.00 Factory      +0.600 diff
0.044  F4 BLUE->Line1         0.00 R   0.00 Line3                      +0.620 abs
0.006  F3 BLACK->Line5        0.06 K   0.00 Line4                      
0.002  F3 BLUE->Line2         0.00 W   0.01 Line5                      
0.014  Others (39)                     0.00 Floor                      

=== Turn 23 | Player 1 (AlphaBeta Medium) ===

 0.00   0.00   1.00   0.00   0.00     1.00   1.00   0.00   0.00   0.00     1.00   0.00   0.00   0.00   0.00     0.00   1.00   1.00   0.00   0.00     0.04   0.07   0.00   0.08   0.14
 0.00   0.00   0.00   0.00   0.00     1.00   1.00   0.00   0.00   0.00     0.00   0.00   0.00   0.00   0.00     1.00   0.00   1.00   0.00   0.00     0.00   0.00   0.00   0.00   0.00
 0.00   0.00   0.67   0.00   0.00     0.00   1.00   0.00   0.00   0.00     0.00   0.00   0.00   0.00   0.00     1.00   1.00   0.00   0.00   0.00     0.05   0.30   0.15   0.25   0.15
 0.00   0.00   0.00   0.00   0.00     1.00   0.00   0.00   0.00   0.00     0.00   0.00   0.50   0.00   0.00     0.00   0.00   0.00   0.00   0.00     0.20   0.60   0.40   0.60   0.40
 0.40   0.00   0.00   0.00   0.00     0.00   0.00   0.00   0.00   0.00     0.00   0.00   0.80   0.00   0.00     0.00   0.00   0.00   0.00   0.00     0.50   0.40   0.45   0.40   0.25

0.214  F4 BLUE->Line3         0.25 B   0.00 Line1    0.18 Center       -1.000 win
0.079  F0 RED->Line2          0.33 Y   0.38 Line2    0.82 Factory      -0.600 diff
0.079  F0 BLACK->Line2        0.12 R   0.21 Line3                      +0.320 abs
0.079  Center YELLOW->Line2   0.22 K   0.24 Line4                      
0.029  F0 BLACK->Line4        0.07 W   0.09 Line5                      
0.521  Others (27)                     0.08 Floor                      

=== Turn 24 | Player 0 (AlphaBeta Easy) ===

 1.00   0.00   0.00   0.00   0.00     0.00   1.00   1.00   0.00   0.00     0.00   0.00   1.00   0.00   0.00     1.00   1.00   0.00   0.00   0.00     0.08   0.14   0.00   0.04   0.09
 0.00   0.00   0.00   0.00   0.00     1.00   0.00   1.00   0.00   0.00     0.00   0.00   0.00   0.00   0.00     1.00   1.00   0.00   0.00   0.00     0.00   0.00   0.00   0.00   0.00
 0.00   0.00   0.00   0.00   0.00     1.00   1.00   0.00   0.00   0.00     0.00   0.00   1.00   0.00   0.00     0.00   1.00   0.00   0.00   0.00     0.00   0.30   0.15   0.25   0.15
 0.00   0.00   0.50   0.00   0.00     0.00   0.00   0.00   0.00   0.00     0.00   0.00   0.00   0.00   0.00     1.00   0.00   0.00   0.00   0.00     0.00   0.40   0.40   0.40   0.40
 0.00   0.00   0.80   0.00   0.00     0.00   0.00   0.00   0.00   0.00     0.40   0.00   0.00   0.00   0.00     0.00   0.00   0.00   0.00   0.00     0.50   0.40   0.45   0.40   0.25

0.288  F0 BLACK->Line2        0.00 B   0.00 Line1    0.04 Center       +1.000 win
0.288  F0 BLACK->Line5        0.07 Y   0.44 Line2    0.96 Factory      +0.600 diff
0.106  F0 RED->Line2          0.21 R   0.11 Line3                      +0.620 abs
0.106  F2 WHITE->Line4        0.60 K   0.12 Line4                      
0.039  F2 YELLOW->Line3       0.13 W   0.29 Line5                      
0.172  Others (15)                     0.04 Floor                      

=== Turn 25 | Player 1 (AlphaBeta Medium) ===

 0.00   0.00   1.00   0.00   0.00     1.00   1.00   0.00   0.00   0.00     1.00   0.00   0.00   0.00   0.00     0.00   1.00   1.00   0.00   0.00     0.04   0.09   0.00   0.08   0.15
 0.00   0.00   0.00   0.00   0.00     1.00   1.00   0.00   0.00   0.00     0.00   0.00   0.00   0.00   1.00     1.00   0.00   1.00   0.00   0.00     0.00   0.00   0.00   0.00   0.00
 0.00   0.00   1.00   0.00   0.00     0.00   1.00   0.00   0.00   0.00     0.00   0.00   0.00   0.00   0.00     1.00   1.00   0.00   0.00   0.00     0.00   0.30   0.15   0.15   0.15
 0.00   0.00   0.00   0.00   0.00     1.00   0.00   0.00   0.00   0.00     0.00   0.00   0.50   0.00   0.00     0.00   0.00   0.00   0.00   0.00     0.00   0.40   0.40   0.20   0.40
 0.40   0.00   0.00   0.00   0.00     0.00   0.00   0.00   0.00   0.00     0.00   0.00   0.80   0.00   0.00     0.00   0.00   0.00   0.00   0.00     0.50   0.40   0.45   0.40   0.25

0.298  F2 RED->Line2          0.00 B   0.00 Line1    0.41 Center       -1.000 win
0.298  Center YELLOW->Line2   0.45 Y   0.69 Line2    0.59 Factory      -0.600 diff
0.110  F2 RED->Floor          0.45 R   0.00 Line3                      +0.320 abs
0.040  F2 YELLOW->Line2       0.03 K   0.13 Line4                      
0.040  F2 YELLOW->Line4       0.07 W   0.05 Line5                      
0.213  Others (14)                     0.14 Floor                      

=== Turn 26 | Player 0 (AlphaBeta Easy) ===

 1.00   0.00   0.00   0.00   0.00     0.00   1.00   1.00   0.00   0.00     0.00   0.00   1.00   0.00   0.00     1.00   1.00   0.00   0.00   0.00     0.08   0.15   0.00   0.04   0.09
 0.00   0.00   0.00   0.00   1.00     1.00   0.00   1.00   0.00   0.00     0.00   0.00   0.00   0.50   0.00     1.00   1.00   0.00   0.00   0.00     0.00   0.00   0.00   0.00   0.00
 0.00   0.00   0.00   0.00   0.00     1.00   1.00   0.00   0.00   0.00     0.00   0.00   1.00   0.00   0.00     0.00   1.00   0.00   0.00   0.00     0.00   0.30   0.10   0.15   0.15
 0.00   0.00   0.50   0.00   0.00     0.00   0.00   0.00   0.00   0.00     0.00   0.00   0.00   0.00   0.00     1.00   0.00   0.00   0.00   0.00     0.00   0.20   0.20   0.20   0.20
 0.00   0.00   0.80   0.00   0.00     0.00   0.00   0.00   0.00   0.00     0.40   0.00   0.00   0.00   0.00     0.00   0.00   0.00   0.00   0.00     0.50   0.40   0.45   0.40   0.25

0.328  Center RED->Line3      0.00 B   0.00 Line1    1.00 Center       +1.000 win
0.328  Center BLACK->Line5    0.00 Y   0.00 Line2    0.00 Factory      +0.600 diff
0.328  Center WHITE->Line4    0.33 R   0.33 Line3                      +0.620 abs
0.006  Center RED->Floor      0.33 K   0.33 Line4                      
0.006  Center BLACK->Floor    0.33 W   0.33 Line5                      
0.003  Others (3)                      0.01 Floor                      

=== Turn 27 | Player 1 (AlphaBeta Medium) ===

 0.00   0.00   1.00   0.00   0.00     1.00   1.00   0.00   0.00   0.00     1.00   0.00   0.00   0.00   0.00     0.00   1.00   1.00   0.00   0.00     0.04   0.09   0.00   0.08   0.14
 0.00   0.00   0.00   0.50   0.00     1.00   1.00   0.00   0.00   0.00     0.00   0.00   0.00   0.00   1.00     1.00   0.00   1.00   0.00   0.00     0.00   0.00   0.00  -0.14   1.00
 0.00   0.00   1.00   0.00   0.00     0.00   1.00   0.00   0.00   0.00     0.00   0.00   0.00   0.00   0.00     1.00   1.00   0.00   0.00   0.00     0.00   0.30   0.10   0.15   0.00
 0.00   0.00   0.00   0.00   0.00     1.00   0.00   0.00   0.00   0.00     0.00   0.00   1.00   0.00   0.00     0.00   0.00   0.00   0.00   0.00     0.00   0.20   0.20   0.20   0.00
 0.40   0.00   0.00   0.00   0.00     0.00   0.00   0.00   0.00   0.00     0.00   0.00   0.80   0.00   0.00     0.00   0.00   0.00   0.00   0.00     0.50   0.40   0.45   0.40   0.25

0.756  Center RED->Line2      0.00 B   0.00 Line1    1.00 Center       -1.000 win
0.102  Center YELLOW->Line5   0.10 Y   0.76 Line2    0.00 Factory      -0.600 diff
0.102  Center BLACK->Line4    0.79 R   0.00 Line3                      +0.320 abs
0.038  Center RED->Floor      0.10 K   0.10 Line4                      
0.001  Center YELLOW->Line4   0.00 W   0.10 Line5                      
0.001  Others (2)                      0.04 Floor                      

=== Turn 28 | Player 0 (AlphaBeta Easy) ===

 1.00   0.00   0.00   0.00   0.00     0.00   1.00   1.00   0.00   0.00     0.00   0.00   1.00   0.00   0.00     1.00   1.00   0.00   0.00   0.00     0.08   0.14   0.00   0.04   0.09
 0.00   0.00   0.00   0.00   1.00     1.00   0.00   1.00   0.00   0.00     0.00   0.00   0.00   1.00   0.00     1.00   1.00   0.00   0.00   0.00    -0.14   1.00   0.00  -0.07   0.00
 0.00   0.00   0.00   0.00   0.00     1.00   1.00   0.00   0.00   0.00     0.00   0.00   1.00   0.00   0.00     0.00   1.00   0.00   0.00   0.00     0.00   0.30   0.00   0.15   0.00
 0.00   0.00   1.00   0.00   0.00     0.00   0.00   0.00   0.00   0.00     0.00   0.00   0.00   0.00   0.00     1.00   0.00   0.00   0.00   0.00     0.00   0.20   0.00   0.20   0.00
 0.00   0.00   0.80   0.00   0.00     0.00   0.00   0.00   0.00   0.00     0.40   0.00   0.00   0.00   0.00     0.00   0.00   0.00   0.00   0.00     0.50   0.40   0.45   0.40   0.25

0.976  Center BLACK->Line5    0.00 B   0.00 Line1    1.00 Center       +1.000 win
0.018  Center BLACK->Floor    0.01 Y   0.00 Line2    0.00 Factory      +0.600 diff
0.007  Center YELLOW->Line3   0.00 R   0.01 Line3                      +0.620 abs
0.000  Center YELLOW->Floor   0.99 K   0.00 Line4                      
0.000  Others (-1)            0.00 W   0.98 Line5                      
                                       0.02 Floor                      

=== Turn 29 | Player 1 (AlphaBeta Medium) ===

 0.00   0.00   1.00   0.00   0.00     1.00   1.00   0.00   0.00   0.00     1.00   0.00   0.00   0.00   0.00     0.00   1.00   1.00   0.00   0.00     0.04   0.09   0.00   0.08   0.12
 0.00   0.00   0.00   1.00   0.00     1.00   1.00   0.00   0.00   0.00     0.00   0.00   0.00   0.00   1.00     1.00   0.00   1.00   0.00   0.00    -0.07   0.00   0.00  -0.43   1.00
 0.00   0.00   1.00   0.00   0.00     0.00   1.00   0.00   0.00   0.00     0.00   0.00   0.00   0.00   0.00     1.00   1.00   0.00   0.00   0.00     0.00   0.30   0.00   0.00   0.00
 0.00   0.00   0.00   0.00   0.00     1.00   0.00   0.00   0.00   0.00     0.00   0.00   1.00   0.00   0.00     0.00   0.00   0.00   0.00   0.00     0.00   0.20   0.00   0.00   0.00
 0.40   0.00   0.00   0.00   0.00     0.00   0.00   0.00   0.00   0.00     0.00   0.00   1.00   0.00   0.00     0.00   0.00   0.00   0.00   0.00     0.50   0.40   0.45   0.40   0.25

0.731  Center YELLOW->Line4   0.00 B   0.00 Line1    1.00 Center       -1.000 win
0.269  Center YELLOW->Line5   1.00 Y   0.00 Line2    0.00 Factory      -0.600 diff
0.000  Center YELLOW->Floor   0.00 R   0.00 Line3                      +0.320 abs
0.000  Others (-2)            0.00 K   0.73 Line4                      
                              0.00 W   0.27 Line5                      
                                       0.00 Floor                      

=== Turn 30 | Player 0 (AlphaBeta Easy) ===

 1.00   0.00   0.00   0.00   0.00     0.00   1.00   1.00   0.00   0.00     0.00   0.00   1.00   0.00   0.00     1.00   1.00   0.00   0.00   0.00     0.08   0.12   0.00   0.04   0.07
 0.00   0.00   0.00   0.00   1.00     1.00   0.00   1.00   0.00   0.00     0.00   0.00   0.00   1.00   0.00     1.00   1.00   0.00   0.00   0.00    -0.43   1.00   0.00  -0.29   0.00
 0.00   0.00   0.00   0.00   0.00     1.00   1.00   0.00   0.00   0.00     0.00   0.00   1.00   0.00   0.00     0.00   1.00   0.00   0.00   0.00     0.00   0.00   0.00   0.00   0.00
 0.00   0.00   1.00   0.00   0.00     0.00   0.00   0.00   0.00   0.00     0.00   0.00   0.00   0.00   1.00     1.00   0.00   0.00   0.00   0.00     0.00   0.00   0.00   0.00   0.00
 0.00   0.00   1.00   0.00   0.00     0.00   0.00   0.00   0.00   0.00     0.40   0.00   0.00   0.00   0.00     0.00   0.00   0.00   0.00   0.00     0.50   0.40   0.45   0.40   0.25

0.000  Others (-5)                                                     +1.000 win
                                                                       +0.600 diff
                                                                       +0.620 abs
                                                                       
                                                                       
                                                                       

=== END OF ROUND (pre-scoring, post-next_player) ===

============================================================
=== ROUND 4                                                  ===
============================================================

 0.00   0.00   0.00   0.00   0.00     1.00   1.00   1.00   0.00   0.00     0.00   0.00   0.00   0.00   0.00     1.00   1.00   1.00   0.00   0.00     0.12   0.12   0.00   0.07   0.07
 0.00   0.00   0.00   0.00   0.00     1.00   0.00   1.00   0.00   1.00     0.00   0.00   0.00   0.00   0.00     1.00   1.00   0.00   1.00   0.00     0.00   0.00   0.00   0.00   0.00
 0.00   0.00   0.00   0.00   0.00     1.00   1.00   0.00   0.00   0.00     0.00   0.00   0.00   0.00   0.00     0.00   1.00   1.00   0.00   0.00     0.15   0.15   0.25   0.25   0.20
 0.00   0.00   0.00   0.00   0.00     0.00   0.00   1.00   0.00   0.00     0.00   0.00   0.00   0.00   0.00     1.00   0.00   0.00   0.00   1.00     0.60   0.40   0.60   0.80   0.40
 0.00   0.00   0.00   0.00   0.00     0.00   0.00   1.00   0.00   0.00     0.40   0.00   0.00   0.00   0.00     0.00   0.00   0.00   0.00   0.00     0.35   0.25   0.20   0.15   0.05

0.188  F0 BLACK->Line1        0.07 B   0.66 Line1    0.00 Center       +1.000 win
0.188  F1 BLACK->Line1        0.04 Y   0.16 Line2    1.00 Factory      +0.600 diff
0.188  F3 BLACK->Line1        0.20 R   0.05 Line3                      +0.620 abs
0.069  F0 RED->Line2          0.65 K   0.06 Line4                      
0.069  F2 RED->Line2          0.04 W   0.05 Line5                      
0.298  Others (51)                     0.02 Floor                      

=== Turn 31 | Player 1 (AlphaBeta Medium) ===

 0.00   0.00   0.00   0.00   0.00     1.00   1.00   1.00   0.00   0.00     0.00   0.00   0.00   1.00   0.00     1.00   1.00   1.00   0.00   0.00     0.07   0.07   0.00   0.12   0.16
 0.00   0.00   0.00   0.00   0.00     1.00   1.00   0.00   1.00   0.00     0.00   0.00   0.00   0.00   0.00     1.00   0.00   1.00   0.00   1.00     0.00   0.00   0.00   0.00   0.00
 0.00   0.00   0.00   0.00   0.00     0.00   1.00   1.00   0.00   0.00     0.00   0.00   0.00   0.00   0.00     1.00   1.00   0.00   0.00   0.00     0.15   0.15   0.25   0.20   0.20
 0.00   0.00   0.00   0.00   0.00     1.00   0.00   0.00   0.00   1.00     0.00   0.00   0.00   0.00   0.00     0.00   0.00   1.00   0.00   0.00     0.60   0.40   0.60   0.60   0.40
 0.40   0.00   0.00   0.00   0.00     0.00   0.00   0.00   0.00   0.00     0.00   0.00   0.00   0.00   0.00     0.00   0.00   1.00   0.00   0.00     0.35   0.25   0.20   0.15   0.05

0.526  F4 YELLOW->Line2       0.00 B   0.46 Line1    0.00 Center       -1.000 win
0.193  F1 BLACK->Line1        0.53 Y   0.53 Line2    1.00 Factory      -0.600 diff
0.193  F3 BLACK->Line1        0.00 R   0.00 Line3                      +0.320 abs
0.071  F2 BLACK->Line1        0.47 K   0.00 Line4                      
0.004  F2 BLACK->Line2        0.00 W   0.00 Line5                      
0.012  Others (36)                     0.00 Floor                      

=== Turn 32 | Player 0 (AlphaBeta Easy) ===

 0.00   0.00   0.00   1.00   0.00     1.00   1.00   1.00   0.00   0.00     0.00   0.00   0.00   0.00   0.00     1.00   1.00   1.00   0.00   0.00     0.12   0.16   0.00   0.07   0.14
 0.00   0.00   0.00   0.00   0.00     1.00   0.00   1.00   0.00   1.00     0.00   0.00   1.00   0.00   0.00     1.00   1.00   0.00   1.00   0.00     0.00   0.00   0.00   0.00   0.00
 0.00   0.00   0.00   0.00   0.00     1.00   1.00   0.00   0.00   0.00     0.00   0.00   0.00   0.00   0.00     0.00   1.00   1.00   0.00   0.00     0.15   0.05   0.25   0.20   0.20
 0.00   0.00   0.00   0.00   0.00     0.00   0.00   1.00   0.00   0.00     0.00   0.00   0.00   0.00   0.00     1.00   0.00   0.00   0.00   1.00     0.40   0.20   0.40   0.60   0.40
 0.00   0.00   0.00   0.00   0.00     0.00   0.00   1.00   0.00   0.00     0.40   0.00   0.00   0.00   0.00     0.00   0.00   0.00   0.00   0.00     0.35   0.25   0.20   0.15   0.05

0.438  F2 RED->Line2          0.45 B   0.00 Line1    0.51 Center       +1.000 win
0.438  Center BLUE->Line2     0.01 Y   0.94 Line2    0.49 Factory      +0.600 diff
0.059  Center RED->Line2      0.52 R   0.02 Line3                      +0.620 abs
0.008  Center RED->Line3      0.01 K   0.02 Line4                      
0.003  F1 BLACK->Line4        0.01 W   0.02 Line5                      
0.053  Others (29)                     0.01 Floor                      

=== Turn 33 | Player 1 (AlphaBeta Medium) ===

 0.00   0.00   0.00   0.00   0.00     1.00   1.00   1.00   0.00   0.00     0.00   0.00   0.00   1.00   0.00     1.00   1.00   1.00   0.00   0.00     0.07   0.14   0.00   0.12   0.21
 0.00   0.00   1.00   0.00   0.00     1.00   1.00   0.00   1.00   0.00     0.00   0.00   0.00   1.00   0.00     1.00   0.00   1.00   0.00   1.00     0.00   0.00   0.00   0.00   0.00
 0.00   0.00   0.00   0.00   0.00     0.00   1.00   1.00   0.00   0.00     0.00   0.00   0.00   0.00   0.00     1.00   1.00   0.00   0.00   0.00     0.15   0.05   0.15   0.20   0.20
 0.00   0.00   0.00   0.00   0.00     1.00   0.00   0.00   0.00   1.00     0.00   0.00   0.00   0.00   0.00     0.00   0.00   1.00   0.00   0.00     0.40   0.20   0.20   0.60   0.40
 0.40   0.00   0.00   0.00   0.00     0.00   0.00   0.00   0.00   0.00     0.00   0.00   0.00   0.00   0.00     0.00   0.00   1.00   0.00   0.00     0.35   0.25   0.20   0.15   0.05

0.459  F1 BLACK->Line1        0.00 B   0.98 Line1    0.07 Center       -1.000 win
0.459  F3 BLACK->Line1        0.00 Y   0.00 Line2    0.93 Factory      -0.600 diff
0.062  Center BLACK->Line1    0.00 R   0.01 Line3                      +0.320 abs
0.003  F3 WHITE->Line1        0.99 K   0.01 Line4                      
0.003  Center RED->Line3      0.01 W   0.00 Line5                      
0.014  Others (22)                     0.00 Floor                      

=== Turn 34 | Player 0 (AlphaBeta Easy) ===

 0.00   0.00   0.00   1.00   0.00     1.00   1.00   1.00   0.00   0.00     0.00   0.00   0.00   1.00   0.00     1.00   1.00   1.00   0.00   0.00     0.12   0.21   0.00   0.07   0.20
 0.00   0.00   0.00   1.00   0.00     1.00   0.00   1.00   0.00   1.00     0.00   0.00   1.00   0.00   0.00     1.00   1.00   0.00   1.00   0.00     0.00   0.00   0.00   0.00   0.00
 0.00   0.00   0.00   0.00   0.00     1.00   1.00   0.00   0.00   0.00     0.00   0.00   0.00   0.00   0.00     0.00   1.00   1.00   0.00   0.00     0.15   0.05   0.15   0.15   0.20
 0.00   0.00   0.00   0.00   0.00     0.00   0.00   1.00   0.00   0.00     0.00   0.00   0.00   0.00   0.00     1.00   0.00   0.00   0.00   1.00     0.40   0.20   0.20   0.40   0.40
 0.00   0.00   0.00   0.00   0.00     0.00   0.00   1.00   0.00   0.00     0.40   0.00   0.00   0.00   0.00     0.00   0.00   0.00   0.00   0.00     0.35   0.25   0.20   0.15   0.05

0.716  Center RED->Line3      0.04 B   0.00 Line1    0.98 Center       +1.000 win
0.097  Center RED->Line4      0.00 Y   0.00 Line2    0.02 Factory      +0.600 diff
0.097  Center RED->Line5      0.91 R   0.73 Line3                      +0.620 abs
0.013  F3 BLACK->Line4        0.03 K   0.14 Line4                      
0.013  Center BLUE->Line3     0.01 W   0.13 Line5                      
0.065  Others (19)                     0.01 Floor                      

=== Turn 35 | Player 1 (AlphaBeta Medium) ===

 0.00   0.00   0.00   1.00   0.00     1.00   1.00   1.00   0.00   0.00     0.00   0.00   0.00   1.00   0.00     1.00   1.00   1.00   0.00   0.00     0.07   0.20   0.00   0.12   0.22
 0.00   0.00   1.00   0.00   0.00     1.00   1.00   0.00   1.00   0.00     0.00   0.00   0.00   1.00   0.00     1.00   0.00   1.00   0.00   1.00     0.00   0.00   0.00  -0.07   1.00
 0.00   0.00   0.00   0.00   0.00     0.00   1.00   1.00   0.00   0.00     0.00   0.00   0.00   0.00   1.00     1.00   1.00   0.00   0.00   0.00     0.15   0.05   0.00   0.15   0.20
 0.00   0.00   0.00   0.00   0.00     1.00   0.00   0.00   0.00   1.00     0.00   0.00   0.00   0.00   0.00     0.00   0.00   1.00   0.00   0.00     0.40   0.20   0.00   0.40   0.40
 0.40   0.00   0.00   0.00   0.00     0.00   0.00   0.00   0.00   0.00     0.00   0.00   0.00   0.00   0.00     0.00   0.00   1.00   0.00   0.00     0.35   0.25   0.20   0.15   0.05

0.085  F3 BLUE->Line4         0.21 B   0.00 Line1    0.36 Center       -1.000 win
0.085  F3 YELLOW->Line3       0.20 Y   0.00 Line2    0.64 Factory      -0.600 diff
0.085  F3 YELLOW->Line5       0.00 R   0.26 Line3                      +0.320 abs
0.085  F3 BLACK->Line3        0.38 K   0.51 Line4                      
0.085  F3 BLACK->Line4        0.20 W   0.09 Line5                      
0.575  Others (12)                     0.15 Floor                      

=== Turn 36 | Player 0 (AlphaBeta Easy) ===

 0.00   0.00   0.00   1.00   0.00     1.00   1.00   1.00   0.00   0.00     0.00   0.00   0.00   1.00   0.00     1.00   1.00   1.00   0.00   0.00     0.12   0.22   0.00   0.07   0.20
 0.00   0.00   0.00   1.00   0.00     1.00   0.00   1.00   0.00   1.00     0.00   0.00   1.00   0.00   0.00     1.00   1.00   0.00   1.00   0.00    -0.07   1.00   0.00   0.00   0.00
 0.00   0.00   0.00   0.00   1.00     1.00   1.00   0.00   0.00   0.00     0.00   0.00   0.00   0.00   0.00     0.00   1.00   1.00   0.00   0.00     0.15   0.05   0.00   0.15   0.15
 0.00   0.00   0.00   0.00   0.00     0.00   0.00   1.00   0.00   0.00     0.00   0.00   0.25   0.00   0.00     1.00   0.00   0.00   0.00   1.00     0.20   0.20   0.00   0.20   0.20
 0.00   0.00   0.00   0.00   0.00     0.00   0.00   1.00   0.00   0.00     0.40   0.00   0.00   0.00   0.00     0.00   0.00   0.00   0.00   0.00     0.35   0.25   0.20   0.15   0.05

0.924  Center BLACK->Line4    0.00 B   0.00 Line1    1.00 Center       +1.000 win
0.046  Center WHITE->Line5    0.02 Y   0.00 Line2    0.00 Factory      +0.600 diff
0.017  Center YELLOW->Floor   0.00 R   0.00 Line3                      +0.620 abs
0.006  Center YELLOW->Line4   0.93 K   0.93 Line4                      
0.006  Center BLACK->Floor    0.05 W   0.05 Line5                      
0.001  Others (5)                      0.02 Floor                      

=== Turn 37 | Player 1 (AlphaBeta Medium) ===

 0.00   0.00   0.00   1.00   0.00     1.00   1.00   1.00   0.00   0.00     0.00   0.00   0.00   1.00   0.00     1.00   1.00   1.00   0.00   0.00     0.07   0.20   0.00   0.12   0.22
 0.00   0.00   1.00   0.00   0.00     1.00   1.00   0.00   1.00   0.00     0.00   0.00   0.00   1.00   0.00     1.00   0.00   1.00   0.00   1.00     0.00   0.00   0.00  -0.07   1.00
 0.00   0.00   0.00   0.00   0.00     0.00   1.00   1.00   0.00   0.00     0.00   0.00   0.00   0.00   1.00     1.00   1.00   0.00   0.00   0.00     0.15   0.05   0.00   0.00   0.15
 0.00   0.00   0.25   0.00   0.00     1.00   0.00   0.00   0.00   1.00     0.00   0.75   0.00   0.00   0.00     0.00   0.00   1.00   0.00   0.00     0.20   0.20   0.00   0.00   0.20
 0.40   0.00   0.00   0.00   0.00     0.00   0.00   0.00   0.00   0.00     0.00   0.00   0.00   0.00   0.00     0.00   0.00   1.00   0.00   0.00     0.35   0.25   0.20   0.15   0.05

0.946  Center WHITE->Line4    0.02 B   0.00 Line1    1.00 Center       -1.000 win
0.017  Center BLUE->Floor     0.04 Y   0.00 Line2    0.00 Factory      -0.600 diff
0.017  Center YELLOW->Line3   0.00 R   0.02 Line3                      +0.320 abs
0.017  Center YELLOW->Line5   0.00 K   0.95 Line4                      
0.002  Center YELLOW->Floor   0.95 W   0.02 Line5                      
0.000  Others (1)                      0.02 Floor                      

=== Turn 38 | Player 0 (AlphaBeta Easy) ===

 0.00   0.00   0.00   1.00   0.00     1.00   1.00   1.00   0.00   0.00     0.00   0.00   0.00   1.00   0.00     1.00   1.00   1.00   0.00   0.00     0.12   0.22   0.00   0.07   0.24
 0.00   0.00   0.00   1.00   0.00     1.00   0.00   1.00   0.00   1.00     0.00   0.00   1.00   0.00   0.00     1.00   1.00   0.00   1.00   0.00    -0.07   1.00   0.00   0.00   0.00
 0.00   0.00   0.00   0.00   1.00     1.00   1.00   0.00   0.00   0.00     0.00   0.00   0.00   0.00   0.00     0.00   1.00   1.00   0.00   0.00     0.15   0.05   0.00   0.00   0.00
 0.00   0.75   0.00   0.00   0.00     0.00   0.00   1.00   0.00   0.00     0.00   0.00   1.00   0.00   0.00     1.00   0.00   0.00   0.00   1.00     0.20   0.20   0.00   0.00   0.00
 0.00   0.00   0.00   0.00   0.00     0.00   0.00   1.00   0.00   0.00     0.40   0.00   0.00   0.00   0.00     0.00   0.00   0.00   0.00   0.00     0.35   0.25   0.20   0.15   0.05

0.721  Center YELLOW->Line5   0.01 B   0.00 Line1    1.00 Center       +1.000 win
0.265  Center YELLOW->Floor   0.99 Y   0.00 Line2    0.00 Factory      +0.600 diff
0.013  Center BLUE->Line5     0.00 R   0.00 Line3                      +0.620 abs
0.000  Center BLUE->Floor     0.00 K   0.00 Line4                      
0.000  Others (-1)            0.00 W   0.73 Line5                      
                                       0.27 Floor                      

=== Turn 39 | Player 1 (AlphaBeta Medium) ===

 0.00   0.00   0.00   1.00   0.00     1.00   1.00   1.00   0.00   0.00     0.00   0.00   0.00   1.00   0.00     1.00   1.00   1.00   0.00   0.00     0.07   0.24   0.00   0.12   0.22
 0.00   0.00   1.00   0.00   0.00     1.00   1.00   0.00   1.00   0.00     0.00   0.00   0.00   1.00   0.00     1.00   0.00   1.00   0.00   1.00     0.00   0.00   0.00  -0.07   1.00
 0.00   0.00   0.00   0.00   0.00     0.00   1.00   1.00   0.00   0.00     0.00   0.00   0.00   0.00   1.00     1.00   1.00   0.00   0.00   0.00     0.15   0.00   0.00   0.00   0.00
 0.00   0.00   1.00   0.00   0.00     1.00   0.00   0.00   0.00   1.00     0.00   0.75   0.00   0.00   0.00     0.00   0.00   1.00   0.00   0.00     0.20   0.00   0.00   0.00   0.00
 0.40   0.00   0.00   0.00   0.00     0.00   0.00   0.00   0.00   0.00     0.20   0.00   0.00   0.00   0.00     0.00   0.00   1.00   0.00   0.00     0.35   0.25   0.20   0.15   0.05

1.000  Center BLUE->Floor     1.00 B   0.00 Line1    1.00 Center       -1.000 win
0.000  Others (-4)            0.00 Y   0.00 Line2    0.00 Factory      -0.600 diff
                              0.00 R   0.00 Line3                      +0.320 abs
                              0.00 K   0.00 Line4                      
                              0.00 W   0.00 Line5                      
                                       1.00 Floor                      

=== Turn 40 | Player 0 (AlphaBeta Easy) ===

 0.00   0.00   0.00   1.00   0.00     1.00   1.00   1.00   0.00   0.00     0.00   0.00   0.00   1.00   0.00     1.00   1.00   1.00   0.00   0.00     0.12   0.22   0.00   0.07   0.20
 0.00   0.00   0.00   1.00   0.00     1.00   0.00   1.00   0.00   1.00     0.00   0.00   1.00   0.00   0.00     1.00   1.00   0.00   1.00   0.00    -0.07   1.00   0.00  -0.29   0.00
 0.00   0.00   0.00   0.00   1.00     1.00   1.00   0.00   0.00   0.00     0.00   0.00   0.00   0.00   0.00     0.00   1.00   1.00   0.00   0.00     0.00   0.00   0.00   0.00   0.00
 0.00   0.75   0.00   0.00   0.00     0.00   0.00   1.00   0.00   0.00     0.00   0.00   1.00   0.00   0.00     1.00   0.00   0.00   0.00   1.00     0.00   0.00   0.00   0.00   0.00
 0.20   0.00   0.00   0.00   0.00     0.00   0.00   1.00   0.00   0.00     0.40   0.00   0.00   0.00   0.00     0.00   0.00   0.00   0.00   0.00     0.35   0.25   0.20   0.15   0.05

0.000  Others (-5)                                                     +1.000 win
                                                                       +0.600 diff
                                                                       +0.620 abs
                                                                       
                                                                       
                                                                       

=== END OF ROUND (pre-scoring, post-next_player) ===

============================================================
=== ROUND 5                                                  ===
============================================================

 0.00   0.00   0.00   0.00   0.00     1.00   1.00   1.00   1.00   0.00     0.00   0.00   0.00   0.00   0.00     1.00   1.00   1.00   1.00   0.00     0.22   0.22   0.00   0.20   0.20
 0.00   0.00   0.00   0.00   0.00     1.00   0.00   1.00   1.00   1.00     0.00   0.00   0.00   0.00   0.00     1.00   1.00   1.00   1.00   0.00     0.00   0.00   0.00   0.00   0.00
 0.00   0.00   0.00   0.00   0.00     1.00   1.00   0.00   0.00   1.00     0.00   0.00   0.00   0.00   0.00     0.00   1.00   1.00   0.00   0.00     0.35   0.25   0.20   0.15   0.05
 0.00   0.75   0.00   0.00   0.00     0.00   0.00   1.00   0.00   0.00     0.00   0.00   0.00   0.00   0.00     1.00   0.00   1.00   0.00   1.00     0.60   0.80   0.60   0.40   0.20
 0.20   0.00   0.00   0.00   0.00     0.00   0.00   1.00   0.00   0.00     0.40   0.00   0.00   0.00   0.00     0.00   0.00   0.00   0.00   0.00     0.00   0.00   0.00   0.00   0.00

0.655  F3 BLUE->Line3         0.67 B   0.00 Line1    0.00 Center       +1.000 win
0.241  F0 BLACK->Line4        0.00 Y   0.01 Line2    1.00 Factory      +0.600 diff
0.089  F2 BLACK->Line4        0.00 R   0.66 Line3                      +0.620 abs
0.004  F1 BLUE->Line2         0.33 K   0.33 Line4                      
0.004  F2 BLUE->Line2         0.00 W   0.00 Line5                      
0.006  Others (25)                     0.00 Floor                      

=== Turn 41 | Player 1 (AlphaBeta Medium) ===

 0.00   0.00   0.00   0.00   0.00     1.00   1.00   1.00   1.00   0.00     0.00   0.00   0.00   0.00   0.00     1.00   1.00   1.00   1.00   0.00     0.20   0.20   0.00   0.22   0.37
 0.00   0.00   0.00   0.00   0.00     1.00   1.00   1.00   1.00   0.00     0.00   0.00   0.00   0.00   0.00     1.00   0.00   1.00   1.00   1.00     0.00   0.00   0.00   0.00   0.00
 0.00   0.00   0.00   0.00   0.00     0.00   1.00   1.00   0.00   0.00     0.00   0.00   1.00   0.00   0.00     1.00   1.00   0.00   0.00   1.00     0.20   0.25   0.20   0.15   0.05
 0.00   0.00   0.00   0.00   0.00     1.00   0.00   1.00   0.00   1.00     0.00   0.75   0.00   0.00   0.00     0.00   0.00   1.00   0.00   0.00     0.40   0.80   0.60   0.40   0.20
 0.40   0.00   0.00   0.00   0.00     0.00   0.00   0.00   0.00   0.00     0.20   0.00   0.00   0.00   0.00     0.00   0.00   1.00   0.00   0.00     0.00   0.00   0.00   0.00   0.00

0.496  F2 BLACK->Line2        0.00 B   0.50 Line1    0.00 Center       -1.000 win
0.496  F4 WHITE->Line1        0.00 Y   0.50 Line2    1.00 Factory      -0.600 diff
0.000  F0 YELLOW->Line3       0.00 R   0.00 Line3                      +0.320 abs
0.000  F0 YELLOW->Line5       0.50 K   0.00 Line4                      
0.000  F0 RED->Line3          0.50 W   0.00 Line5                      
0.008  Others (27)                     0.00 Floor                      

=== Turn 42 | Player 0 (AlphaBeta Easy) ===

 0.00   0.00   0.00   0.00   0.00     1.00   1.00   1.00   1.00   0.00     0.00   0.00   0.00   0.00   0.00     1.00   1.00   1.00   1.00   0.00     0.22   0.37   0.00   0.20   0.27
 0.00   0.00   0.00   0.00   0.00     1.00   0.00   1.00   1.00   1.00     0.00   0.00   0.00   0.00   1.00     1.00   1.00   1.00   1.00   0.00     0.00   0.00   0.00   0.00   0.00
 0.00   0.00   1.00   0.00   0.00     1.00   1.00   0.00   0.00   1.00     0.00   0.00   0.00   0.00   0.00     0.00   1.00   1.00   0.00   0.00     0.20   0.25   0.20   0.05   0.05
 0.00   0.75   0.00   0.00   0.00     0.00   0.00   1.00   0.00   0.00     0.00   0.00   0.00   0.00   0.00     1.00   0.00   1.00   0.00   1.00     0.40   0.80   0.60   0.20   0.20
 0.20   0.00   0.00   0.00   0.00     0.00   0.00   1.00   0.00   0.00     0.40   0.00   0.00   0.00   0.00     0.00   0.00   0.00   0.00   0.00     0.00   0.00   0.00   0.00   0.00

0.757  F4 WHITE->Line1        0.14 B   0.76 Line1    0.04 Center       +1.000 win
0.102  F0 BLACK->Line4        0.00 Y   0.14 Line2    0.96 Factory      +0.600 diff
0.102  F1 BLUE->Line2         0.00 R   0.00 Line3                      +0.620 abs
0.038  Center BLUE->Line2     0.10 K   0.10 Line4                      
0.000  F4 WHITE->Floor        0.76 W   0.00 Line5                      
0.000  Others (14)                     0.00 Floor                      

=== Turn 43 | Player 1 (AlphaBeta Medium) ===

 0.00   0.00   0.00   0.00   0.00     1.00   1.00   1.00   1.00   0.00     0.00   0.00   0.00   0.00   1.00     1.00   1.00   1.00   1.00   0.00     0.20   0.27   0.00   0.22   0.47
 0.00   0.00   0.00   0.00   1.00     1.00   1.00   1.00   1.00   0.00     0.00   0.00   0.00   0.00   0.00     1.00   0.00   1.00   1.00   1.00     0.00   0.00   0.00   0.00   0.00
 0.00   0.00   0.00   0.00   0.00     0.00   1.00   1.00   0.00   0.00     0.00   0.00   1.00   0.00   0.00     1.00   1.00   0.00   0.00   1.00     0.20   0.25   0.20   0.05   0.00
 0.00   0.00   0.00   0.00   0.00     1.00   0.00   1.00   0.00   1.00     0.00   0.75   0.00   0.00   0.00     0.00   0.00   1.00   0.00   0.00     0.40   0.60   0.60   0.20   0.00
 0.40   0.00   0.00   0.00   0.00     0.00   0.00   0.00   0.00   0.00     0.20   0.00   0.00   0.00   0.00     0.00   0.00   1.00   0.00   0.00     0.00   0.00   0.00   0.00   0.00

0.912  Center YELLOW->Line3   0.01 B   0.00 Line1    0.93 Center       -1.000 win
0.017  Center YELLOW->Line5   0.96 Y   0.00 Line2    0.07 Factory      -0.600 diff
0.006  F0 YELLOW->Line3       0.02 R   0.94 Line3                      +0.320 abs
0.006  F0 YELLOW->Line5       0.01 K   0.01 Line4                      
0.006  F0 RED->Line3          0.00 W   0.03 Line5                      
0.053  Others (17)                     0.01 Floor                      

=== Turn 44 | Player 0 (AlphaBeta Easy) ===

 0.00   0.00   0.00   0.00   1.00     1.00   1.00   1.00   1.00   0.00     0.00   0.00   0.00   0.00   0.00     1.00   1.00   1.00   1.00   0.00     0.22   0.47   0.00   0.20   0.32
 0.00   0.00   0.00   0.00   0.00     1.00   0.00   1.00   1.00   1.00     0.00   0.00   0.00   0.00   1.00     1.00   1.00   1.00   1.00   0.00     0.00   0.00   0.00  -0.07   1.00
 0.00   0.00   1.00   0.00   0.00     1.00   1.00   0.00   0.00   1.00     0.00   0.00   0.00   1.00   0.00     0.00   1.00   1.00   0.00   0.00     0.20   0.10   0.20   0.05   0.00
 0.00   0.75   0.00   0.00   0.00     0.00   0.00   1.00   0.00   0.00     0.00   0.00   0.00   0.00   0.00     1.00   0.00   1.00   0.00   1.00     0.40   0.40   0.60   0.20   0.00
 0.20   0.00   0.00   0.00   0.00     0.00   0.00   1.00   0.00   0.00     0.40   0.00   0.00   0.00   0.00     0.00   0.00   0.00   0.00   0.00     0.00   0.00   0.00   0.00   0.00

1.000  F0 BLACK->Line4        0.00 B   0.00 Line1    0.00 Center       +1.000 win
0.000  F0 YELLOW->Line5       0.00 Y   0.00 Line2    1.00 Factory      +0.600 diff
0.000  F1 BLUE->Line2         0.00 R   0.00 Line3                      +0.620 abs
0.000  Center BLUE->Line2     1.00 K   1.00 Line4                      
0.000  F0 YELLOW->Floor       0.00 W   0.00 Line5                      
0.000  Others (8)                      0.00 Floor                      

=== Turn 45 | Player 1 (AlphaBeta Medium) ===

 0.00   0.00   0.00   0.00   0.00     1.00   1.00   1.00   1.00   0.00     0.00   0.00   0.00   0.00   1.00     1.00   1.00   1.00   1.00   0.00     0.20   0.32   0.00   0.22   0.61
 0.00   0.00   0.00   0.00   1.00     1.00   1.00   1.00   1.00   0.00     0.00   0.00   0.00   0.00   0.00     1.00   0.00   1.00   1.00   1.00    -0.07   1.00   0.00   0.00   0.00
 0.00   0.00   0.00   1.00   0.00     0.00   1.00   1.00   0.00   0.00     0.00   0.00   1.00   0.00   0.00     1.00   1.00   0.00   0.00   1.00     0.20   0.10   0.20   0.00   0.00
 0.00   0.00   0.00   0.00   0.00     1.00   0.00   1.00   0.00   1.00     0.00   1.00   0.00   0.00   0.00     0.00   0.00   1.00   0.00   0.00     0.40   0.40   0.40   0.00   0.00
 0.40   0.00   0.00   0.00   0.00     0.00   0.00   0.00   0.00   0.00     0.20   0.00   0.00   0.00   0.00     0.00   0.00   1.00   0.00   0.00     0.00   0.00   0.00   0.00   0.00

0.453  F1 YELLOW->Line5       0.13 B   0.00 Line1    0.15 Center       -1.000 win
0.167  F1 YELLOW->Floor       0.70 Y   0.00 Line2    0.85 Factory      -0.600 diff
0.167  F1 RED->Floor          0.17 R   0.00 Line3                      +0.320 abs
0.061  F1 BLUE->Line4         0.00 K   0.12 Line4                      
0.061  Center BLUE->Line4     0.00 W   0.51 Line5                      
0.090  Others (5)                      0.36 Floor                      

=== Turn 46 | Player 0 (AlphaBeta Easy) ===

 0.00   0.00   0.00   0.00   1.00     1.00   1.00   1.00   1.00   0.00     0.00   0.00   0.00   0.00   0.00     1.00   1.00   1.00   1.00   0.00     0.22   0.61   0.00   0.20   0.32
 0.00   0.00   0.00   0.00   0.00     1.00   0.00   1.00   1.00   1.00     0.00   0.00   0.00   0.00   1.00     1.00   1.00   1.00   1.00   0.00     0.00   0.00   0.00  -0.07   1.00
 0.00   0.00   1.00   0.00   0.00     1.00   1.00   0.00   0.00   1.00     0.00   0.00   0.00   1.00   0.00     0.00   1.00   1.00   0.00   0.00     0.20   0.05   0.20   0.00   0.00
 0.00   1.00   0.00   0.00   0.00     0.00   0.00   1.00   0.00   0.00     0.00   0.00   0.00   0.00   0.00     1.00   0.00   1.00   0.00   1.00     0.20   0.20   0.20   0.00   0.00
 0.20   0.00   0.00   0.00   0.00     0.00   0.00   1.00   0.00   0.00     0.60   0.00   0.00   0.00   0.00     0.00   0.00   0.00   0.00   0.00     0.00   0.00   0.00   0.00   0.00

1.000  Center BLUE->Line2     1.00 B   0.00 Line1    1.00 Center       +1.000 win
0.000  Center YELLOW->Line5   0.00 Y   1.00 Line2    0.00 Factory      +0.600 diff
0.000  Center RED->Floor      0.00 R   0.00 Line3                      +0.620 abs
0.000  Center BLUE->Floor     0.00 K   0.00 Line4                      
0.000  Center YELLOW->Floor   0.00 W   0.00 Line5                      
0.000  Others (0)                      0.00 Floor                      

=== Turn 47 | Player 1 (AlphaBeta Medium) ===

 0.00   0.00   0.00   0.00   0.00     1.00   1.00   1.00   1.00   0.00     0.00   0.00   0.00   0.00   1.00     1.00   1.00   1.00   1.00   0.00     0.20   0.32   0.00   0.22   0.71
 0.00   0.00   0.00   0.00   1.00     1.00   1.00   1.00   1.00   0.00     0.00   1.00   0.00   0.00   0.00     1.00   0.00   1.00   1.00   1.00    -0.07   1.00   0.00  -0.14   0.00
 0.00   0.00   0.00   1.00   0.00     0.00   1.00   1.00   0.00   0.00     0.00   0.00   1.00   0.00   0.00     1.00   1.00   0.00   0.00   1.00     0.00   0.05   0.20   0.00   0.00
 0.00   0.00   0.00   0.00   0.00     1.00   0.00   1.00   0.00   1.00     0.00   1.00   0.00   0.00   0.00     0.00   0.00   1.00   0.00   0.00     0.00   0.20   0.20   0.00   0.00
 0.60   0.00   0.00   0.00   0.00     0.00   0.00   0.00   0.00   0.00     0.20   0.00   0.00   0.00   0.00     0.00   0.00   1.00   0.00   0.00     0.00   0.00   0.00   0.00   0.00

0.731  Center YELLOW->Line5   0.00 B   0.00 Line1    1.00 Center       -1.000 win
0.269  Center YELLOW->Floor   1.00 Y   0.00 Line2    0.00 Factory      -0.600 diff
0.000  Center RED->Floor      0.00 R   0.00 Line3                      +0.320 abs
0.000  Others (-2)            0.00 K   0.00 Line4                      
                              0.00 W   0.73 Line5                      
                                       0.27 Floor                      

=== Turn 48 | Player 0 (AlphaBeta Easy) ===

 0.00   0.00   0.00   0.00   1.00     1.00   1.00   1.00   1.00   0.00     0.00   0.00   0.00   0.00   0.00     1.00   1.00   1.00   1.00   0.00     0.22   0.71   0.00   0.20   0.32
 0.00   1.00   0.00   0.00   0.00     1.00   0.00   1.00   1.00   1.00     0.00   0.00   0.00   0.00   1.00     1.00   1.00   1.00   1.00   0.00    -0.14   0.00   0.00  -0.07   1.00
 0.00   0.00   1.00   0.00   0.00     1.00   1.00   0.00   0.00   1.00     0.00   0.00   0.00   1.00   0.00     0.00   1.00   1.00   0.00   0.00     0.00   0.00   0.20   0.00   0.00
 0.00   1.00   0.00   0.00   0.00     0.00   0.00   1.00   0.00   0.00     0.00   0.00   0.00   0.00   0.00     1.00   0.00   1.00   0.00   1.00     0.00   0.00   0.20   0.00   0.00
 0.20   0.00   0.00   0.00   0.00     0.00   0.00   1.00   0.00   0.00     0.80   0.00   0.00   0.00   0.00     0.00   0.00   0.00   0.00   0.00     0.00   0.00   0.00   0.00   0.00

1.000  Center RED->Floor      0.00 B   0.00 Line1    1.00 Center       +1.000 win
0.000  Others (-4)            0.00 Y   0.00 Line2    0.00 Factory      +0.600 diff
                              1.00 R   0.00 Line3                      +0.620 abs
                              0.00 K   0.00 Line4                      
                              0.00 W   0.00 Line5                      
                                       1.00 Floor                      

=== Turn 49 | Player 1 (AlphaBeta Medium) ===

Final scores: Player 0 = 32  Player 1 = 62